 time from epoch begin (sec) , RRint (sec) , QTint (sec) ,  source data file name = 09-40-14_24_hours_part4_v3.bin ,  epoch start time Format 1 = day 1 ; 14 : 00 : 11  ,  epoch start time Format 2 =  14 : 00 : 11  ,  epoch start time Format 3 = 50411 ,  epoch start time Format 4 = 15600 , 
 1.5230000e+00 , 5.4933333e-01 , 1.2976458e-01 , 
 2.0720000e+00 , 5.4866788e-01 , 2.5929323e-01 , 
 2.6230000e+00 , 5.4800000e-01 , 3.8929375e-01 , 
 3.1710000e+00 , 5.4700000e-01 , 3.8792562e-01 , 
 3.7180000e+00 , 5.4700000e-01 , 3.9198265e-01 , 
 4.2610000e+00 , 5.4700000e-01 , 3.9601000e-01 , 
 4.8080000e+00 , 5.4200000e-01 , 3.8630875e-01 , 
 5.3500000e+00 , 5.4400000e-01 , 3.8046313e-01 , 
 5.8940000e+00 , 5.3900000e-01 , 3.8693063e-01 , 
 6.4330000e+00 , 5.4131899e-01 , 3.8664220e-01 , 
 6.9760000e+00 , 5.4365519e-01 , 3.8635164e-01 , 
 7.5210000e+00 , 5.4600000e-01 , 3.8606000e-01 , 
 8.0670000e+00 , 5.4700000e-01 , 3.8556250e-01 , 
 8.6140000e+00 , 5.4700000e-01 , 3.7934375e-01 , 
 9.1610000e+00 , 5.4600000e-01 , 3.8829875e-01 , 
 9.7080000e+00 , 5.4500000e-01 , 3.9725375e-01 , 
 1.0253000e+01 , 5.4400000e-01 , 3.8742813e-01 , 
 1.0797000e+01 , 5.4300000e-01 , 3.8680625e-01 , 
 1.1340000e+01 , 5.4600000e-01 , 3.8232875e-01 , 
 1.1886000e+01 , 5.4100000e-01 , 3.8494063e-01 , 
 1.2427000e+01 , 5.4100000e-01 , 3.8829875e-01 , 
 1.2968000e+01 , 5.4000000e-01 , 3.7760250e-01 , 
 1.3508000e+01 , 5.4100000e-01 , 3.8033875e-01 , 
 1.4049000e+01 , 5.4100000e-01 , 3.6292625e-01 , 
 1.4590000e+01 , 5.4049861e-01 , 3.7658318e-01 , 
 1.5128000e+01 , 5.4000000e-01 , 3.9016437e-01 , 
 1.5668000e+01 , 5.3900000e-01 , 3.8792562e-01 , 
 1.6208000e+01 , 5.3800000e-01 , 3.8568687e-01 , 
 1.6746000e+01 , 5.3700000e-01 , 3.8680625e-01 , 
 1.7283000e+01 , 5.3800000e-01 , 3.8220437e-01 , 
 1.7821000e+01 , 5.3700000e-01 , 3.7735375e-01 , 
 1.8358000e+01 , 5.3700000e-01 , 3.8916937e-01 , 
 1.8895000e+01 , 5.3619671e-01 , 3.8712123e-01 , 
 1.9967000e+01 , 5.3459312e-01 , 3.8303258e-01 , 
 2.0501000e+01 , 5.3379432e-01 , 3.8099588e-01 , 
 2.1032000e+01 , 5.3300000e-01 , 3.7897062e-01 , 
 2.1565000e+01 , 5.2800000e-01 , 3.7660750e-01 , 
 2.2093000e+01 , 5.8100000e-01 , 3.8686844e-01 , 
 2.2621000e+01 , 6.3400000e-01 , 3.9712937e-01 , 
 2.3255000e+01 , 6.1789741e-01 , 3.8754754e-01 , 
 2.3674000e+01 , 6.0725548e-01 , 3.8121507e-01 , 
 2.4158000e+01 , 5.9496265e-01 , 3.7390024e-01 , 
 2.4629000e+01 , 5.8300000e-01 , 3.6678187e-01 , 
 2.5212000e+01 , 5.7947827e-01 , 3.6741200e-01 , 
 2.5732000e+01 , 5.7633711e-01 , 3.6797403e-01 , 
 2.6250000e+01 , 5.7320803e-01 , 3.6853391e-01 , 
 2.6766000e+01 , 5.7009103e-01 , 3.6909162e-01 , 
 2.7280000e+01 , 5.6698612e-01 , 3.6964717e-01 , 
 2.7797000e+01 , 5.6386308e-01 , 3.7020596e-01 , 
 2.8315000e+01 , 5.6073400e-01 , 3.7076583e-01 , 
 2.8835000e+01 , 5.5759284e-01 , 3.7132786e-01 , 
 2.9357000e+01 , 5.5443959e-01 , 3.7189206e-01 , 
 2.9878000e+01 , 5.5129239e-01 , 3.7245517e-01 , 
 3.0399000e+01 , 5.4814519e-01 , 3.7301829e-01 , 
 3.0921000e+01 , 5.4499195e-01 , 3.7358248e-01 , 
 3.1444000e+01 , 5.4183266e-01 , 3.7414776e-01 , 
 3.1968000e+01 , 5.3866734e-01 , 3.7471412e-01 , 
 3.2493000e+01 , 5.3549597e-01 , 3.7528155e-01 , 
 3.3018000e+01 , 5.3232461e-01 , 3.7584899e-01 , 
 3.3543000e+01 , 5.2915324e-01 , 3.7641643e-01 , 
 3.4065000e+01 , 5.2600000e-01 , 3.7698062e-01 , 
 3.4591000e+01 , 5.2500000e-01 , 3.8282625e-01 , 
 3.5116000e+01 , 5.2600000e-01 , 3.8668187e-01 , 
 3.5642000e+01 , 5.2900000e-01 , 3.8916938e-01 , 
 3.6171000e+01 , 5.3200000e-01 , 3.7499062e-01 , 
 3.6703000e+01 , 5.3200000e-01 , 3.7660750e-01 , 
 3.7235000e+01 , 5.3200000e-01 , 3.8742812e-01 , 
 3.7767000e+01 , 5.3600000e-01 , 3.8245312e-01 , 
 3.8303000e+01 , 5.3800000e-01 , 3.7859750e-01 , 
 3.8841000e+01 , 5.3700000e-01 , 3.7897063e-01 , 
 3.9378000e+01 , 5.3700000e-01 , 3.7959250e-01 , 
 3.9915000e+01 , 5.4300000e-01 , 3.8593562e-01 , 
 4.0458000e+01 , 5.4500000e-01 , 3.8344813e-01 , 
 4.1003000e+01 , 5.4400000e-01 , 3.8593562e-01 , 
 4.1547000e+01 , 5.4300000e-01 , 3.8021437e-01 , 
 4.2090000e+01 , 5.4400000e-01 , 3.7797562e-01 , 
 4.2634000e+01 , 5.4400000e-01 , 3.7685625e-01 , 
 4.3178000e+01 , 5.4300000e-01 , 3.8456750e-01 , 
 4.3721000e+01 , 5.4400000e-01 , 3.7362250e-01 , 
 4.4265000e+01 , 5.4400000e-01 , 3.7038875e-01 , 
 4.4809000e+01 , 5.4500000e-01 , 3.7623437e-01 , 
 4.5354000e+01 , 5.4100000e-01 , 3.7225437e-01 , 
 4.5895000e+01 , 5.4900000e-01 , 3.8120937e-01 , 
 4.6444000e+01 , 5.4700000e-01 , 3.7511500e-01 , 
 4.6991000e+01 , 5.4600000e-01 , 3.7523937e-01 , 
 4.7537000e+01 , 5.4500000e-01 , 3.7810000e-01 , 
 4.8082000e+01 , 5.4500000e-01 , 3.7996562e-01 , 
 4.8627000e+01 , 5.4800000e-01 , 3.7834875e-01 , 
 4.9175000e+01 , 5.4700000e-01 , 3.7921937e-01 , 
 4.9722000e+01 , 5.4800000e-01 , 3.8133375e-01 , 
 5.0270000e+01 , 5.4900000e-01 , 3.7511500e-01 , 
 5.0819000e+01 , 5.4900000e-01 , 3.7412000e-01 , 
 5.1368000e+01 , 5.4700000e-01 , 3.7188125e-01 , 
 5.1915000e+01 , 5.5000000e-01 , 3.5533937e-01 , 
 5.2465000e+01 , 5.5400000e-01 , 3.7623438e-01 , 
 5.3019000e+01 , 5.5400000e-01 , 3.8033875e-01 , 
 5.3573000e+01 , 5.5200000e-01 , 3.8680625e-01 , 
 5.4125000e+01 , 5.5000000e-01 , 3.7499062e-01 , 
 5.4675000e+01 , 5.5500000e-01 , 3.7635875e-01 , 
 5.5230000e+01 , 5.5200000e-01 , 3.7486625e-01 , 
 5.5782000e+01 , 5.5600000e-01 , 3.7474187e-01 , 
 5.6338000e+01 , 5.5900000e-01 , 3.7188125e-01 , 
 5.6897000e+01 , 5.6100000e-01 , 3.7026437e-01 , 
 5.7458000e+01 , 5.5700000e-01 , 3.7213000e-01 , 
 5.8015000e+01 , 5.6000000e-01 , 3.6976688e-01 , 
 5.8575000e+01 , 5.6300000e-01 , 3.7225437e-01 , 
 5.9138000e+01 , 5.6600000e-01 , 3.7424438e-01 , 
 5.9704000e+01 , 5.5900000e-01 , 3.7785125e-01 , 
 6.0263000e+01 , 5.5700000e-01 , 3.7076187e-01 , 
 6.0820000e+01 , 5.6400000e-01 , 3.7362250e-01 , 
 6.1384000e+01 , 5.5900000e-01 , 3.6777688e-01 , 
 6.1943000e+01 , 5.6600000e-01 , 3.6180687e-01 , 
 6.2509000e+01 , 5.6600000e-01 , 3.7424438e-01 , 
 6.3075000e+01 , 5.7100000e-01 , 3.8593562e-01 , 
 6.3646000e+01 , 5.6500000e-01 , 3.6703062e-01 , 
 6.4211000e+01 , 5.7100000e-01 , 3.6640875e-01 , 
 6.4782000e+01 , 5.7000000e-01 , 3.6715500e-01 , 
 6.5352000e+01 , 5.7200000e-01 , 3.6926938e-01 , 
 6.5924000e+01 , 5.6600000e-01 , 3.6976687e-01 , 
 6.6490000e+01 , 5.6900000e-01 , 3.6964250e-01 , 
 6.7059000e+01 , 5.7500000e-01 , 3.7374687e-01 , 
 6.7634000e+01 , 5.6500000e-01 , 3.7523937e-01 , 
 6.8199000e+01 , 5.6800000e-01 , 3.7598563e-01 , 
 6.8767000e+01 , 5.6500000e-01 , 3.7237875e-01 , 
 6.9332000e+01 , 5.6700000e-01 , 3.7026437e-01 , 
 6.9899000e+01 , 5.7500000e-01 , 3.7523937e-01 , 
 7.0474000e+01 , 5.7700000e-01 , 3.7374687e-01 , 
 7.1051000e+01 , 5.7300000e-01 , 3.7337375e-01 , 
 7.1624000e+01 , 5.7500000e-01 , 3.7038875e-01 , 
 7.2199000e+01 , 5.7600000e-01 , 3.7598563e-01 , 
 7.2775000e+01 , 5.7600000e-01 , 3.7735375e-01 , 
 7.3351000e+01 , 5.7800000e-01 , 3.7623437e-01 , 
 7.3929000e+01 , 5.7100000e-01 , 3.7300062e-01 , 
 7.4500000e+01 , 5.7000000e-01 , 3.7262750e-01 , 
 7.5070000e+01 , 5.7400000e-01 , 3.7324937e-01 , 
 7.5644000e+01 , 5.7000000e-01 , 3.7262750e-01 , 
 7.6214000e+01 , 5.7400000e-01 , 3.7362250e-01 , 
 7.6788000e+01 , 5.7700000e-01 , 3.7511500e-01 , 
 7.7365000e+01 , 5.7100000e-01 , 3.7772688e-01 , 
 7.7936000e+01 , 5.6700000e-01 , 3.6504062e-01 , 
 7.8503000e+01 , 5.7000000e-01 , 3.7834875e-01 , 
 7.9073000e+01 , 5.6500000e-01 , 3.7324937e-01 , 
 7.9638000e+01 , 5.6500000e-01 , 3.6951812e-01 , 
 8.0203000e+01 , 5.6500000e-01 , 3.7014000e-01 , 
 8.0768000e+01 , 5.7000000e-01 , 3.7175687e-01 , 
 8.1338000e+01 , 5.6900000e-01 , 3.7362250e-01 , 
 8.1907000e+01 , 5.7100000e-01 , 3.7300062e-01 , 
 8.2478000e+01 , 5.8100000e-01 , 3.7747813e-01 , 
 8.3059000e+01 , 5.7400000e-01 , 3.8071188e-01 , 
 8.3633000e+01 , 5.6800000e-01 , 3.7760250e-01 , 
 8.4201000e+01 , 5.7000000e-01 , 3.7897063e-01 , 
 8.4771000e+01 , 5.6800000e-01 , 3.7623437e-01 , 
 8.5339000e+01 , 5.6900000e-01 , 3.7412000e-01 , 
 8.5908000e+01 , 5.7100000e-01 , 3.7698062e-01 , 
 8.6479000e+01 , 5.6900000e-01 , 3.7785125e-01 , 
 8.7048000e+01 , 5.6700000e-01 , 3.7797562e-01 , 
 8.7615000e+01 , 5.6400000e-01 , 3.7250312e-01 , 
 8.8179000e+01 , 5.7000000e-01 , 3.7486625e-01 , 
 8.8749000e+01 , 5.7200000e-01 , 3.7760250e-01 , 
 8.9321000e+01 , 5.6900000e-01 , 3.7971688e-01 , 
 8.9890000e+01 , 5.6600000e-01 , 3.8805000e-01 , 
 9.0456000e+01 , 5.6800000e-01 , 3.8282625e-01 , 
 9.1024000e+01 , 5.6800000e-01 , 3.7772687e-01 , 
 9.1592000e+01 , 5.6600000e-01 , 3.7088625e-01 , 
 9.2158000e+01 , 5.7400000e-01 , 3.7374687e-01 , 
 9.2732000e+01 , 5.7300000e-01 , 3.7685625e-01 , 
 9.3305000e+01 , 5.7400000e-01 , 3.8531375e-01 , 
 9.3879000e+01 , 5.6900000e-01 , 3.7872187e-01 , 
 9.4448000e+01 , 5.7000000e-01 , 3.7623437e-01 , 
 9.5018000e+01 , 5.7400000e-01 , 3.7673187e-01 , 
 9.5592000e+01 , 5.7500000e-01 , 3.8220437e-01 , 
 9.6167000e+01 , 5.7200000e-01 , 3.8469187e-01 , 
 9.6739000e+01 , 5.7000000e-01 , 3.7461750e-01 , 
 9.7309000e+01 , 5.7700000e-01 , 3.7436875e-01 , 
 9.7886000e+01 , 5.8100000e-01 , 3.7909500e-01 , 
 9.8467000e+01 , 5.7300000e-01 , 3.7996562e-01 , 
 9.9040000e+01 , 5.7300000e-01 , 3.8046312e-01 , 
 9.9613000e+01 , 5.8000000e-01 , 3.7996562e-01 , 
 1.0019300e+02 , 5.8000000e-01 , 3.7872187e-01 , 
 1.0077300e+02 , 5.8500000e-01 , 3.7635875e-01 , 
 1.0135800e+02 , 5.9600000e-01 , 3.8108500e-01 , 
 1.0195400e+02 , 5.9400000e-01 , 3.7374687e-01 , 
 1.0254800e+02 , 5.9000000e-01 , 3.7810000e-01 , 
 1.0313800e+02 , 5.8800000e-01 , 3.7971687e-01 , 
 1.0372600e+02 , 5.9100000e-01 , 3.7660750e-01 , 
 1.0431700e+02 , 5.9200000e-01 , 3.8319937e-01 , 
 1.0490900e+02 , 5.8900000e-01 , 3.8208000e-01 , 
 1.0549800e+02 , 5.8500000e-01 , 3.7598562e-01 , 
 1.0608300e+02 , 5.8800000e-01 , 3.8108500e-01 , 
 1.0667100e+02 , 5.8800000e-01 , 3.8307500e-01 , 
 1.0725900e+02 , 5.8700000e-01 , 3.8009000e-01 , 
 1.0784600e+02 , 5.8100000e-01 , 3.7971688e-01 , 
 1.0842700e+02 , 5.8400000e-01 , 3.8021437e-01 , 
 1.0901100e+02 , 5.8299914e-01 , 3.8482019e-01 , 
 1.0959400e+02 , 5.8200000e-01 , 3.8941812e-01 , 
 1.1017600e+02 , 5.8300000e-01 , 3.8668188e-01 , 
 1.1075900e+02 , 5.7700000e-01 , 3.8009000e-01 , 
 1.1133600e+02 , 5.8200000e-01 , 3.8431875e-01 , 
 1.1191800e+02 , 5.7800000e-01 , 3.7499062e-01 , 
 1.1249600e+02 , 5.8100000e-01 , 3.7300062e-01 , 
 1.1307700e+02 , 5.8800000e-01 , 3.8208000e-01 , 
 1.1366500e+02 , 5.8600000e-01 , 3.8220437e-01 , 
 1.1425100e+02 , 5.9000000e-01 , 3.8680625e-01 , 
 1.1484100e+02 , 5.8400000e-01 , 3.8543812e-01 , 
 1.1542500e+02 , 5.8400000e-01 , 3.7362250e-01 , 
 1.1600900e+02 , 5.8500000e-01 , 3.7822437e-01 , 
 1.1659400e+02 , 5.8400000e-01 , 3.8282625e-01 , 
 1.1717800e+02 , 5.8300000e-01 , 3.8009000e-01 , 
 1.1776100e+02 , 5.8000000e-01 , 3.7412000e-01 , 
 1.1834100e+02 , 5.8300000e-01 , 3.7486625e-01 , 
 1.1892400e+02 , 5.8300000e-01 , 3.8382125e-01 , 
 1.1950700e+02 , 5.8200000e-01 , 3.8058750e-01 , 
 1.2008900e+02 , 5.7800000e-01 , 3.8158250e-01 , 
 1.2066700e+02 , 5.8600000e-01 , 3.8083625e-01 , 
 1.2125300e+02 , 5.8400000e-01 , 3.8456750e-01 , 
 1.2183700e+02 , 5.8400000e-01 , 3.8407000e-01 , 
 1.2242100e+02 , 5.8000000e-01 , 3.8419437e-01 , 
 1.2300100e+02 , 5.8500000e-01 , 3.8083625e-01 , 
 1.2358600e+02 , 5.8000000e-01 , 3.8083625e-01 , 
 1.2416600e+02 , 5.8100000e-01 , 3.8568687e-01 , 
 1.2474700e+02 , 5.9000000e-01 , 3.8543812e-01 , 
 1.2533700e+02 , 5.9300000e-01 , 3.8966688e-01 , 
 1.2593000e+02 , 5.9600000e-01 , 3.8829875e-01 , 
 1.2652600e+02 , 5.9600000e-01 , 3.8494063e-01 , 
 1.2712200e+02 , 5.8500000e-01 , 3.8232875e-01 , 
 1.2770700e+02 , 5.8800000e-01 , 3.8307500e-01 , 
 1.2829500e+02 , 5.8800000e-01 , 3.8581125e-01 , 
 1.2888300e+02 , 5.8700000e-01 , 3.8208000e-01 , 
 1.2947000e+02 , 5.8500000e-01 , 3.8705500e-01 , 
 1.3005500e+02 , 5.8100000e-01 , 3.8518938e-01 , 
 1.3063600e+02 , 5.7950386e-01 , 3.8723628e-01 , 
 1.3122000e+02 , 5.7800000e-01 , 3.8929375e-01 , 
 1.3179800e+02 , 5.7700000e-01 , 3.8780125e-01 , 
 1.3237500e+02 , 5.7300000e-01 , 3.8481625e-01 , 
 1.3294800e+02 , 5.7600000e-01 , 3.7971688e-01 , 
 1.3352400e+02 , 5.7700000e-01 , 3.8444312e-01 , 
 1.3410100e+02 , 5.7400000e-01 , 3.7486625e-01 , 
 1.3467500e+02 , 5.6700000e-01 , 3.6815000e-01 , 
 1.3524200e+02 , 5.7800000e-01 , 3.9712937e-01 , 
 1.3582000e+02 , 5.7400000e-01 , 3.7984125e-01 , 
 1.3639400e+02 , 5.7200000e-01 , 3.8767687e-01 , 
 1.3696600e+02 , 5.6900000e-01 , 3.8444312e-01 , 
 1.3753500e+02 , 5.7300000e-01 , 3.8655750e-01 , 
 1.3810800e+02 , 5.7100000e-01 , 3.7561250e-01 , 
 1.3867900e+02 , 5.6300000e-01 , 3.8208000e-01 , 
 1.3924200e+02 , 5.6000000e-01 , 3.8618437e-01 , 
 1.3980200e+02 , 5.6200000e-01 , 3.8705500e-01 , 
 1.4036400e+02 , 5.7000000e-01 , 3.7822437e-01 , 
 1.4093400e+02 , 5.6500000e-01 , 3.8593562e-01 , 
 1.4149900e+02 , 5.6400000e-01 , 3.8108500e-01 , 
 1.4206300e+02 , 5.6600000e-01 , 3.8456750e-01 , 
 1.4262900e+02 , 5.6900000e-01 , 3.8357250e-01 , 
 1.4319800e+02 , 5.7700000e-01 , 3.8394563e-01 , 
 1.4377500e+02 , 5.8200000e-01 , 3.8792562e-01 , 
 1.4435700e+02 , 5.8800000e-01 , 3.8630875e-01 , 
 1.4494500e+02 , 5.8600000e-01 , 3.8817438e-01 , 
 1.4553100e+02 , 5.9000000e-01 , 3.8705500e-01 , 
 1.4612100e+02 , 5.9600000e-01 , 3.8854750e-01 , 
 1.4671700e+02 , 5.9500000e-01 , 3.9165688e-01 , 
 1.4731200e+02 , 5.9600000e-01 , 3.8966688e-01 , 
 1.4790800e+02 , 5.9200000e-01 , 3.8979125e-01 , 
 1.4850000e+02 , 5.9000000e-01 , 3.8307500e-01 , 
 1.4909000e+02 , 5.9500000e-01 , 3.8805000e-01 , 
 1.4968500e+02 , 5.9300000e-01 , 3.9153250e-01 , 
 1.5027800e+02 , 5.9600000e-01 , 3.9140813e-01 , 
 1.5087400e+02 , 5.8600000e-01 , 3.8531375e-01 , 
 1.5146000e+02 , 5.9500000e-01 , 3.8755250e-01 , 
 1.5205500e+02 , 5.9500000e-01 , 3.9028875e-01 , 
 1.5265000e+02 , 5.9400000e-01 , 3.8916937e-01 , 
 1.5324400e+02 , 5.9700000e-01 , 3.8705500e-01 , 
 1.5384100e+02 , 6.0500000e-01 , 3.8680625e-01 , 
 1.5444600e+02 , 6.0500000e-01 , 3.8979125e-01 , 
 1.5505100e+02 , 6.0200000e-01 , 3.8867187e-01 , 
 1.5565300e+02 , 6.0800000e-01 , 3.8245312e-01 , 
 1.5626100e+02 , 6.1200000e-01 , 3.9004000e-01 , 
 1.5687300e+02 , 6.0900000e-01 , 3.9028875e-01 , 
 1.5748200e+02 , 6.1200000e-01 , 3.9016438e-01 , 
 1.5809400e+02 , 6.0600000e-01 , 3.8979125e-01 , 
 1.5870000e+02 , 6.1400000e-01 , 3.8568687e-01 , 
 1.5931400e+02 , 6.1900000e-01 , 3.9178125e-01 , 
 1.5993300e+02 , 6.1200000e-01 , 3.9190563e-01 , 
 1.6054500e+02 , 6.1100000e-01 , 3.9091062e-01 , 
 1.6115600e+02 , 6.0600000e-01 , 3.8829875e-01 , 
 1.6176200e+02 , 6.0600000e-01 , 3.8307500e-01 , 
 1.6236800e+02 , 6.1600000e-01 , 3.8556250e-01 , 
 1.6298400e+02 , 6.1400000e-01 , 3.8742812e-01 , 
 1.6359800e+02 , 6.0800000e-01 , 3.8854750e-01 , 
 1.6420600e+02 , 6.0100000e-01 , 3.8966688e-01 , 
 1.6480700e+02 , 6.0600000e-01 , 3.9215437e-01 , 
 1.6541300e+02 , 6.0500000e-01 , 3.8842313e-01 , 
 1.6601800e+02 , 6.1000000e-01 , 3.8717937e-01 , 
 1.6662800e+02 , 6.1100000e-01 , 3.8829875e-01 , 
 1.6723900e+02 , 6.1100000e-01 , 3.9128375e-01 , 
 1.6785000e+02 , 6.1900000e-01 , 3.8270188e-01 , 
 1.6846900e+02 , 6.7100000e-01 , 3.9028875e-01 , 
 1.6914000e+02 , 7.0700000e-01 , 3.9364687e-01 , 
 1.6984700e+02 , 6.8500000e-01 , 3.9601000e-01 , 
 1.7053200e+02 , 6.6700000e-01 , 3.9140813e-01 , 
 1.7119900e+02 , 6.6600000e-01 , 3.9712937e-01 , 
 1.7186500e+02 , 6.6300000e-01 , 3.9588563e-01 , 
 1.7252800e+02 , 6.5600000e-01 , 3.8979125e-01 , 
 1.7318400e+02 , 6.4300000e-01 , 3.9004000e-01 , 
 1.7382700e+02 , 6.4000000e-01 , 3.8593562e-01 , 
 1.7446700e+02 , 6.3900000e-01 , 3.9203000e-01 , 
 1.7510600e+02 , 6.4800000e-01 , 3.9725375e-01 , 
 1.7575400e+02 , 6.3500000e-01 , 3.9601000e-01 , 
 1.7638900e+02 , 6.3300000e-01 , 3.9899500e-01 , 
 1.7702200e+02 , 6.3400000e-01 , 3.9737813e-01 , 
 1.7765600e+02 , 6.3300000e-01 , 3.9874625e-01 , 
 1.7828900e+02 , 6.2900000e-01 , 3.9874625e-01 , 
 1.7891800e+02 , 6.2600000e-01 , 4.0023875e-01 , 
 1.7954400e+02 , 6.3000000e-01 , 3.9513938e-01 , 
 1.8017400e+02 , 6.2400000e-01 , 3.9464188e-01 , 
 1.8079800e+02 , 6.2200000e-01 , 3.9178125e-01 , 
 1.8142000e+02 , 6.2100000e-01 , 3.9513938e-01 , 
 1.8204100e+02 , 6.1800000e-01 , 3.9999000e-01 , 
 1.8265900e+02 , 6.2500000e-01 , 3.9725375e-01 , 
 1.8328400e+02 , 6.1100000e-01 , 3.9028875e-01 , 
 1.8389500e+02 , 6.0600000e-01 , 3.9327375e-01 , 
 1.8450100e+02 , 6.0500000e-01 , 3.9066187e-01 , 
 1.8510600e+02 , 6.0100000e-01 , 3.9700500e-01 , 
 1.8570700e+02 , 6.0400000e-01 , 3.9700500e-01 , 
 1.8631100e+02 , 5.9800000e-01 , 3.9700500e-01 , 
 1.8690900e+02 , 5.9900000e-01 , 3.9700500e-01 , 
 1.8750800e+02 , 6.0000000e-01 , 3.9476625e-01 , 
 1.8810800e+02 , 6.0500000e-01 , 3.9426875e-01 , 
 1.8871300e+02 , 6.1100000e-01 , 3.9712938e-01 , 
 1.8932400e+02 , 6.0300000e-01 , 3.9364687e-01 , 
 1.8992700e+02 , 6.0100000e-01 , 3.9725375e-01 , 
 1.9052800e+02 , 5.9600000e-01 , 3.9277625e-01 , 
 1.9112400e+02 , 6.0700000e-01 , 3.9464187e-01 , 
 1.9173100e+02 , 6.0300000e-01 , 3.9999000e-01 , 
 1.9233400e+02 , 6.0300000e-01 , 3.9613437e-01 , 
 1.9293700e+02 , 6.0400000e-01 , 3.9277625e-01 , 
 1.9354100e+02 , 6.8000000e-01 , 3.7026437e-01 , 
 1.9422100e+02 , 6.6668812e-01 , 3.7670559e-01 , 
 1.9477500e+02 , 6.5584285e-01 , 3.8195329e-01 , 
 1.9541200e+02 , 6.4337275e-01 , 3.8798720e-01 , 
 1.9604400e+02 , 6.3100054e-01 , 3.9397374e-01 , 
 1.9666300e+02 , 6.1888281e-01 , 3.9983714e-01 , 
 1.9727000e+02 , 6.0700000e-01 , 4.0558688e-01 , 
 1.9787700e+02 , 6.0205764e-01 , 4.0531187e-01 , 
 1.9847000e+02 , 5.9722927e-01 , 4.0504322e-01 , 
 1.9906300e+02 , 5.9240090e-01 , 4.0477456e-01 , 
 1.9954100e+02 , 5.8850889e-01 , 4.0455800e-01 , 
 2.0022500e+02 , 5.8293958e-01 , 4.0424812e-01 , 
 2.0080100e+02 , 5.7824963e-01 , 4.0398716e-01 , 
 2.0137200e+02 , 5.7360039e-01 , 4.0372847e-01 , 
 2.0193700e+02 , 5.6900000e-01 , 4.0347250e-01 , 
 2.0250600e+02 , 5.6700000e-01 , 3.9115938e-01 , 
 2.0307300e+02 , 5.6400000e-01 , 3.9837313e-01 , 
 2.0364000e+02 , 5.6100000e-01 , 4.0558688e-01 , 
 2.0420100e+02 , 5.6300000e-01 , 3.8705500e-01 , 
 2.0476400e+02 , 5.6700000e-01 , 4.1118375e-01 , 
 2.0533100e+02 , 5.7100000e-01 , 3.9887063e-01 , 
 2.0590200e+02 , 5.6800000e-01 , 4.0023875e-01 , 
 2.0647000e+02 , 5.6500000e-01 , 3.9028875e-01 , 
 2.0703500e+02 , 5.7400000e-01 , 3.8780125e-01 , 
 2.0760900e+02 , 5.7700000e-01 , 4.0459187e-01 , 
 2.0818600e+02 , 5.7700000e-01 , 3.9402000e-01 , 
 2.0876300e+02 , 5.7300000e-01 , 4.1416875e-01 , 
 2.0933600e+02 , 5.7500000e-01 , 3.8916937e-01 , 
 2.0991100e+02 , 5.8200000e-01 , 3.9613438e-01 , 
 2.1049300e+02 , 5.8048766e-01 , 3.9682407e-01 , 
 2.1107200e+02 , 5.7898311e-01 , 3.9751020e-01 , 
 2.1164900e+02 , 5.7748376e-01 , 3.9819397e-01 , 
 2.1222000e+02 , 5.7600000e-01 , 3.9887062e-01 , 
 2.1279600e+02 , 5.7300000e-01 , 3.9700500e-01 , 
 2.1336900e+02 , 5.7224803e-01 , 3.9684912e-01 , 
 2.1450500e+02 , 5.7075722e-01 , 3.9654009e-01 , 
 2.1508200e+02 , 5.7000000e-01 , 3.9638312e-01 , 
 2.1565200e+02 , 5.6900000e-01 , 4.0906937e-01 , 
 2.1622100e+02 , 5.6400000e-01 , 3.9613438e-01 , 
 2.1678500e+02 , 5.6664789e-01 , 3.9996285e-01 , 
 2.1735400e+02 , 5.6931925e-01 , 4.0382526e-01 , 
 2.1792500e+02 , 5.7200000e-01 , 4.0770125e-01 , 
 2.1849700e+02 , 5.7500000e-01 , 4.0869625e-01 , 
 2.1907200e+02 , 5.7100000e-01 , 4.0086063e-01 , 
 2.1964300e+02 , 5.7100000e-01 , 3.9725375e-01 , 
 2.2021400e+02 , 5.7300000e-01 , 3.9265188e-01 , 
 2.2078700e+02 , 5.7600000e-01 , 3.8518938e-01 , 
 2.2136300e+02 , 5.8700000e-01 , 3.9402000e-01 , 
 2.2195000e+02 , 5.9300000e-01 , 3.9936813e-01 , 
 2.2254300e+02 , 5.9100000e-01 , 3.9899500e-01 , 
 2.2313400e+02 , 5.9000000e-01 , 4.0098500e-01 , 
 2.2372400e+02 , 5.8900000e-01 , 3.9240312e-01 , 
 2.2431300e+02 , 5.9300000e-01 , 3.8717938e-01 , 
 2.2490600e+02 , 5.9300000e-01 , 3.9377125e-01 , 
 2.2549900e+02 , 5.8400000e-01 , 3.9364688e-01 , 
 2.2608300e+02 , 5.9000000e-01 , 3.8991562e-01 , 
 2.2667300e+02 , 5.9000000e-01 , 3.9028875e-01 , 
 2.2726300e+02 , 5.9300000e-01 , 3.9613438e-01 , 
 2.2785600e+02 , 5.9000000e-01 , 3.9352250e-01 , 
 2.2844600e+02 , 5.8900000e-01 , 3.9725375e-01 , 
 2.2903500e+02 , 5.9500000e-01 , 3.9364688e-01 , 
 2.2963000e+02 , 5.9800000e-01 , 3.9601000e-01 , 
 2.3022800e+02 , 5.9800000e-01 , 3.9377125e-01 , 
 2.3082600e+02 , 5.9700000e-01 , 3.9725375e-01 , 
 2.3142300e+02 , 5.9800000e-01 , 3.9028875e-01 , 
 2.3202100e+02 , 5.9600000e-01 , 3.9377125e-01 , 
 2.3261700e+02 , 5.9500000e-01 , 3.9862188e-01 , 
 2.3321200e+02 , 5.9400000e-01 , 3.9128375e-01 , 
 2.3380600e+02 , 5.9500000e-01 , 3.8867187e-01 , 
 2.3440100e+02 , 5.9800000e-01 , 3.9725375e-01 , 
 2.3499900e+02 , 5.9800000e-01 , 3.9439313e-01 , 
 2.3559700e+02 , 5.9700000e-01 , 3.9364688e-01 , 
 2.3619400e+02 , 5.9300000e-01 , 3.9352250e-01 , 
 2.3678700e+02 , 5.9600000e-01 , 3.9464188e-01 , 
 2.3738300e+02 , 5.9400000e-01 , 4.0110937e-01 , 
 2.3797700e+02 , 5.9900000e-01 , 3.9874625e-01 , 
 2.3857600e+02 , 5.9700000e-01 , 4.0098500e-01 , 
 2.3917300e+02 , 5.9900000e-01 , 3.9887063e-01 , 
 2.3977200e+02 , 5.9500000e-01 , 4.0471625e-01 , 
 2.4036700e+02 , 5.9500000e-01 , 3.9986562e-01 , 
 2.4096200e+02 , 5.9550000e-01 , 3.9408219e-01 , 
 2.4155700e+02 , 5.9600000e-01 , 3.8829875e-01 , 
 2.4215300e+02 , 5.9500000e-01 , 4.0894500e-01 , 
 2.4274800e+02 , 5.9800000e-01 , 3.9874625e-01 , 
 2.4334600e+02 , 6.0300000e-01 , 4.0334813e-01 , 
 2.4394900e+02 , 5.9900000e-01 , 4.1242750e-01 , 
 2.4454800e+02 , 6.0000000e-01 , 3.9725375e-01 , 
 2.4514800e+02 , 5.9100000e-01 , 4.0135812e-01 , 
 2.4573900e+02 , 5.9100000e-01 , 3.9414438e-01 , 
 2.4633000e+02 , 5.8700000e-01 , 3.9563687e-01 , 
 2.4691700e+02 , 5.8900000e-01 , 3.9899500e-01 , 
 2.4750600e+02 , 5.8600000e-01 , 3.9887063e-01 , 
 2.4809200e+02 , 5.8900000e-01 , 3.9961688e-01 , 
 2.4868100e+02 , 5.8300000e-01 , 4.0894500e-01 , 
 2.4926400e+02 , 5.9200000e-01 , 3.9227875e-01 , 
 2.4985600e+02 , 5.9500000e-01 , 3.9725375e-01 , 
 2.5045100e+02 , 5.9200000e-01 , 3.9887063e-01 , 
 2.5104300e+02 , 5.9000000e-01 , 3.9140813e-01 , 
 2.5163300e+02 , 5.8900000e-01 , 3.9887063e-01 , 
 2.5222200e+02 , 5.9500000e-01 , 3.9352250e-01 , 
 2.5281700e+02 , 5.9400000e-01 , 4.0583563e-01 , 
 2.5341100e+02 , 5.9900000e-01 , 3.9700500e-01 , 
 2.5401000e+02 , 5.9200000e-01 , 3.9364687e-01 , 
 2.5460200e+02 , 5.9100000e-01 , 4.0596000e-01 , 
 2.5519300e+02 , 5.9200000e-01 , 3.9874625e-01 , 
 2.5578500e+02 , 5.8900000e-01 , 4.0260187e-01 , 
 2.5637400e+02 , 5.9100000e-01 , 4.0297500e-01 , 
 2.5696500e+02 , 5.8800000e-01 , 4.0247750e-01 , 
 2.5755300e+02 , 5.9000000e-01 , 3.9103500e-01 , 
 2.5814300e+02 , 5.9348818e-01 , 3.9754263e-01 , 
 2.5873700e+02 , 5.9700000e-01 , 4.0409438e-01 , 
 2.5933400e+02 , 5.9800000e-01 , 4.0645750e-01 , 
 2.5993200e+02 , 6.0300000e-01 , 3.9501500e-01 , 
 2.6053500e+02 , 6.0300000e-01 , 3.9887062e-01 , 
 2.6113800e+02 , 6.0300000e-01 , 3.9725375e-01 , 
 2.6174100e+02 , 6.0200000e-01 , 4.0546250e-01 , 
 2.6234300e+02 , 6.0400000e-01 , 3.9737813e-01 , 
 2.6294700e+02 , 6.0600000e-01 , 3.9899500e-01 , 
 2.6355300e+02 , 6.1000000e-01 , 4.0247750e-01 , 
 2.6416300e+02 , 6.0900000e-01 , 3.9887063e-01 , 
 2.6477200e+02 , 6.1400000e-01 , 3.9576125e-01 , 
 2.6538600e+02 , 6.1100000e-01 , 3.8792563e-01 , 
 2.6599700e+02 , 6.0700000e-01 , 3.9712937e-01 , 
 2.6660400e+02 , 6.0400000e-01 , 3.9302500e-01 , 
 2.6720800e+02 , 6.0000000e-01 , 3.9874625e-01 , 
 2.6780800e+02 , 6.0900000e-01 , 4.0658188e-01 , 
 2.6841700e+02 , 6.0900000e-01 , 3.9874625e-01 , 
 2.6902600e+02 , 5.9800000e-01 , 4.0160688e-01 , 
 2.6962400e+02 , 5.9600000e-01 , 4.0558688e-01 , 
 2.7022000e+02 , 5.9500000e-01 , 3.9899500e-01 , 
 2.7081500e+02 , 5.9300000e-01 , 3.9874625e-01 , 
 2.7140800e+02 , 5.9400000e-01 , 3.9874625e-01 , 
 2.7200200e+02 , 5.8700000e-01 , 4.0285062e-01 , 
 2.7258900e+02 , 5.8800000e-01 , 3.9999000e-01 , 
 2.7317700e+02 , 5.8600000e-01 , 4.0658187e-01 , 
 2.7376300e+02 , 5.8800000e-01 , 3.8618437e-01 , 
 2.7435100e+02 , 5.9000000e-01 , 4.0409438e-01 , 
 2.7494100e+02 , 5.8500000e-01 , 4.1392000e-01 , 
 2.7552600e+02 , 5.8200000e-01 , 3.9725375e-01 , 
 2.7610800e+02 , 5.8100000e-01 , 3.9899500e-01 , 
 2.7668900e+02 , 5.9000000e-01 , 3.9613438e-01 , 
 2.7727900e+02 , 5.9000000e-01 , 4.0098500e-01 , 
 2.7786900e+02 , 5.9300000e-01 , 3.9887062e-01 , 
 2.7846200e+02 , 5.9100000e-01 , 3.9887063e-01 , 
 2.7905300e+02 , 5.9400000e-01 , 3.9588563e-01 , 
 2.7964700e+02 , 6.0100000e-01 , 4.0123375e-01 , 
 2.8024800e+02 , 5.9900000e-01 , 4.0583562e-01 , 
 2.8084700e+02 , 5.9800000e-01 , 4.0334813e-01 , 
 2.8144500e+02 , 5.9600000e-01 , 3.9874625e-01 , 
 2.8204100e+02 , 5.9600000e-01 , 3.9999000e-01 , 
 2.8263700e+02 , 5.9900000e-01 , 4.0620875e-01 , 
 2.8323600e+02 , 5.9800000e-01 , 3.9874625e-01 , 
 2.8383400e+02 , 5.9700000e-01 , 4.0235312e-01 , 
 2.8443100e+02 , 5.9300000e-01 , 4.0334813e-01 , 
 2.8502400e+02 , 5.9600000e-01 , 3.9725375e-01 , 
 2.8562000e+02 , 5.9500000e-01 , 3.9725375e-01 , 
 2.8621500e+02 , 5.9700000e-01 , 3.9725375e-01 , 
 2.8681200e+02 , 5.9500000e-01 , 3.9887063e-01 , 
 2.8740700e+02 , 5.9800000e-01 , 3.9961688e-01 , 
 2.8800500e+02 , 6.0100000e-01 , 3.9874625e-01 , 
 2.8860600e+02 , 6.0300000e-01 , 4.0210438e-01 , 
 2.8920900e+02 , 6.0300000e-01 , 4.0011438e-01 , 
 2.8981200e+02 , 5.9900000e-01 , 3.9725375e-01 , 
 2.9041100e+02 , 6.0100000e-01 , 3.9874625e-01 , 
 2.9101200e+02 , 6.0800000e-01 , 4.0123375e-01 , 
 2.9162000e+02 , 6.0600000e-01 , 4.0285062e-01 , 
 2.9222600e+02 , 6.0700000e-01 , 4.0210438e-01 , 
 2.9283300e+02 , 6.0200000e-01 , 4.0110938e-01 , 
 2.9343500e+02 , 6.0700000e-01 , 3.9526375e-01 , 
 2.9404200e+02 , 6.0900000e-01 , 4.0210438e-01 , 
 2.9465100e+02 , 6.0900000e-01 , 3.9999000e-01 , 
 2.9526000e+02 , 6.1000000e-01 , 3.9911938e-01 , 
 2.9587000e+02 , 6.0600000e-01 , 3.9862188e-01 , 
 2.9647600e+02 , 6.0700000e-01 , 3.9638313e-01 , 
 2.9708300e+02 , 6.0600000e-01 , 3.9725375e-01 , 
 2.9768900e+02 , 6.0400000e-01 , 4.0048750e-01 , 
 2.9829300e+02 , 6.0000000e-01 , 4.0359688e-01 , 
 2.9889300e+02 , 6.0000000e-01 , 3.9899500e-01 , 
 2.9949300e+02 , 6.0500000e-01 , 4.0098500e-01 , 
