 time from epoch begin (sec) , RRint (sec) , QTint (sec) ,  source data file name = 09-40-14_24_hours_part4_v3.bin ,  epoch start time Format 1 = day 1 ; 15 : 20 : 11  ,  epoch start time Format 2 =  15 : 20 : 11  ,  epoch start time Format 3 = 55211 ,  epoch start time Format 4 = 20400 , 
 9.5800000e-01 , 5.8800000e-01 , 4.0098500e-01 , 
 1.5460000e+00 , 5.8900000e-01 , 4.0073625e-01 , 
 2.1350000e+00 , 5.9000000e-01 , 4.0546250e-01 , 
 2.7250000e+00 , 5.9300000e-01 , 4.0558688e-01 , 
 3.3180000e+00 , 5.9100000e-01 , 4.0757687e-01 , 
 3.9090000e+00 , 5.8900000e-01 , 4.0434313e-01 , 
 4.4980000e+00 , 5.8800000e-01 , 4.0285062e-01 , 
 5.0860000e+00 , 5.8700000e-01 , 3.9961688e-01 , 
 5.6730000e+00 , 5.8666967e-01 , 3.9250916e-01 , 
 6.2710000e+00 , 5.8633315e-01 , 3.8526826e-01 , 
 6.8630000e+00 , 5.8600000e-01 , 3.7810000e-01 , 
 7.4490000e+00 , 5.8900000e-01 , 4.0160688e-01 , 
 8.0380000e+00 , 5.9200000e-01 , 4.0882062e-01 , 
 8.6300000e+00 , 5.9600000e-01 , 4.0658188e-01 , 
 9.2260000e+00 , 5.9700000e-01 , 4.0658188e-01 , 
 9.8230000e+00 , 5.9400000e-01 , 4.0372125e-01 , 
 1.0417000e+01 , 5.9100000e-01 , 4.0546250e-01 , 
 1.1008000e+01 , 5.9300000e-01 , 4.0782562e-01 , 
 1.1601000e+01 , 5.8000000e-01 , 3.9887063e-01 , 
 1.2181000e+01 , 5.7300000e-01 , 3.9999000e-01 , 
 1.2754000e+01 , 5.6800000e-01 , 4.0247750e-01 , 
 1.3322000e+01 , 5.6900000e-01 , 4.1180563e-01 , 
 1.3891000e+01 , 5.6900000e-01 , 4.0631749e-01 , 
 1.4383000e+01 , 5.6900000e-01 , 4.0157204e-01 , 
 1.4849000e+01 , 5.6900000e-01 , 3.9707736e-01 , 
 1.5570000e+01 , 5.6900000e-01 , 3.9012315e-01 , 
 1.6146000e+01 , 5.6900000e-01 , 3.8456750e-01 , 
 1.6715000e+01 , 5.6100000e-01 , 3.8469187e-01 , 
 1.7276000e+01 , 5.6600000e-01 , 3.9476625e-01 , 
 1.7842000e+01 , 5.6800000e-01 , 3.8842312e-01 , 
 1.8410000e+01 , 5.6900000e-01 , 3.9227875e-01 , 
 1.8979000e+01 , 5.6700000e-01 , 3.8742812e-01 , 
 1.9546000e+01 , 5.7400000e-01 , 3.9700500e-01 , 
 2.0120000e+01 , 5.7500000e-01 , 3.9725375e-01 , 
 2.0695000e+01 , 5.7100000e-01 , 3.9700500e-01 , 
 2.1266000e+01 , 5.6900000e-01 , 3.8717937e-01 , 
 2.1835000e+01 , 5.7800000e-01 , 3.9513937e-01 , 
 2.2413000e+01 , 5.7200000e-01 , 3.8282625e-01 , 
 2.2985000e+01 , 5.8200000e-01 , 4.0994000e-01 , 
 2.3567000e+01 , 5.8149979e-01 , 4.0773140e-01 , 
 2.4140000e+01 , 5.8100731e-01 , 4.0555694e-01 , 
 2.4733000e+01 , 5.8049764e-01 , 4.0330660e-01 , 
 2.5312000e+01 , 5.8000000e-01 , 4.0110937e-01 , 
 2.5892000e+01 , 5.8100000e-01 , 3.9389562e-01 , 
 2.6473000e+01 , 5.8199657e-01 , 3.9885356e-01 , 
 2.7058000e+01 , 5.8300000e-01 , 4.0384562e-01 , 
 2.7641000e+01 , 5.8026263e-01 , 4.0421635e-01 , 
 2.8217000e+01 , 5.7755812e-01 , 4.0458262e-01 , 
 2.8793000e+01 , 5.7485361e-01 , 4.0494890e-01 , 
 2.9361000e+01 , 5.7218667e-01 , 4.0531008e-01 , 
 2.9933000e+01 , 5.6950094e-01 , 4.0567381e-01 , 
 3.0500000e+01 , 5.6683869e-01 , 4.0603436e-01 , 
 3.1073000e+01 , 5.6414827e-01 , 4.0639873e-01 , 
 3.1639000e+01 , 5.6149071e-01 , 4.0675864e-01 , 
 3.2208000e+01 , 5.5881907e-01 , 4.0712046e-01 , 
 3.2779000e+01 , 5.5613804e-01 , 4.0748355e-01 , 
 3.3339000e+01 , 5.5350866e-01 , 4.0783965e-01 , 
 3.3903000e+01 , 5.5086050e-01 , 4.0819830e-01 , 
 3.4448000e+01 , 5.4830154e-01 , 4.0854486e-01 , 
 3.4963000e+01 , 5.4588345e-01 , 4.0887234e-01 , 
 3.5554000e+01 , 5.4310851e-01 , 4.0924815e-01 , 
 3.6101000e+01 , 5.4054017e-01 , 4.0959598e-01 , 
 3.6642000e+01 , 5.3800000e-01 , 4.0994000e-01 , 
 3.7180000e+01 , 5.3824884e-01 , 4.0340956e-01 , 
 3.7720000e+01 , 5.3849861e-01 , 3.9685485e-01 , 
 3.8260000e+01 , 5.3874838e-01 , 3.9030014e-01 , 
 3.8804000e+01 , 5.3900000e-01 , 3.8369687e-01 , 
 3.9343000e+01 , 5.4059704e-01 , 3.8220714e-01 , 
 3.9881000e+01 , 5.4219111e-01 , 3.8072017e-01 , 
 4.0420000e+01 , 5.4378815e-01 , 3.7923043e-01 , 
 4.0961000e+01 , 5.4539111e-01 , 3.7773517e-01 , 
 4.1504000e+01 , 5.4700000e-01 , 3.7623438e-01 , 
 4.2051000e+01 , 5.5200000e-01 , 3.9601000e-01 , 
 4.2603000e+01 , 5.5700000e-01 , 3.8630875e-01 , 
 4.3160000e+01 , 5.5900000e-01 , 3.9402000e-01 , 
 4.3719000e+01 , 5.6900000e-01 , 4.0198000e-01 , 
 4.4288000e+01 , 5.7248774e-01 , 3.9956318e-01 , 
 4.4861000e+01 , 5.7600000e-01 , 3.9712937e-01 , 
 4.5437000e+01 , 5.8000000e-01 , 3.9700500e-01 , 
 4.6017000e+01 , 5.9200000e-01 , 4.0210438e-01 , 
 4.6609000e+01 , 5.9600000e-01 , 4.0210438e-01 , 
 4.7205000e+01 , 5.9000000e-01 , 3.9887063e-01 , 
 4.7795000e+01 , 5.9100000e-01 , 3.9625875e-01 , 
 4.8386000e+01 , 6.0000000e-01 , 4.1454188e-01 , 
 4.8986000e+01 , 5.9500000e-01 , 3.9887063e-01 , 
 4.9581000e+01 , 5.8400000e-01 , 4.0608438e-01 , 
 5.0165000e+01 , 5.8800000e-01 , 4.0620875e-01 , 
 5.0753000e+01 , 5.8600000e-01 , 4.1105938e-01 , 
 5.1339000e+01 , 5.8700000e-01 , 4.0421875e-01 , 
 5.1926000e+01 , 5.8400000e-01 , 3.8668188e-01 , 
 5.2510000e+01 , 5.8300000e-01 , 3.8954250e-01 , 
 5.3093000e+01 , 5.8150257e-01 , 3.9323632e-01 , 
 5.3681000e+01 , 5.7999229e-01 , 3.9696182e-01 , 
 5.4268000e+01 , 5.7848459e-01 , 4.0068098e-01 , 
 5.4846000e+01 , 5.7700000e-01 , 4.0434313e-01 , 
 5.5423000e+01 , 5.7498111e-01 , 4.0215856e-01 , 
 5.5997000e+01 , 5.7297271e-01 , 3.9998534e-01 , 
 5.6567000e+01 , 5.7097831e-01 , 3.9782728e-01 , 
 5.7131000e+01 , 5.6900490e-01 , 3.9569193e-01 , 
 5.7704000e+01 , 5.6700000e-01 , 3.9352250e-01 , 
 5.8271000e+01 , 5.6398137e-01 , 3.9270904e-01 , 
 5.8831000e+01 , 5.6100000e-01 , 3.9190562e-01 , 
 5.9392000e+01 , 5.6133123e-01 , 3.9318274e-01 , 
 5.9961000e+01 , 5.6166719e-01 , 3.9447807e-01 , 
 6.0523000e+01 , 5.6199902e-01 , 3.9575746e-01 , 
 6.1085000e+01 , 5.6233084e-01 , 3.9703685e-01 , 
 6.2061000e+01 , 5.6290710e-01 , 3.9925871e-01 , 
 6.2559000e+01 , 5.6320114e-01 , 4.0039240e-01 , 
 6.3351000e+01 , 5.6366877e-01 , 4.0219539e-01 , 
 6.3912000e+01 , 5.6400000e-01 , 4.0347250e-01 , 
 6.4476000e+01 , 5.5900000e-01 , 3.9974125e-01 , 
 6.5035000e+01 , 5.5600000e-01 , 3.9252750e-01 , 
 6.5591000e+01 , 5.6300000e-01 , 3.9862188e-01 , 
 6.6154000e+01 , 5.6500000e-01 , 3.9887063e-01 , 
 6.6719000e+01 , 5.6000000e-01 , 3.9725375e-01 , 
 6.7279000e+01 , 5.6500000e-01 , 4.0608437e-01 , 
 6.7844000e+01 , 5.7200000e-01 , 4.0185562e-01 , 
 6.8416000e+01 , 5.7200000e-01 , 3.9999000e-01 , 
 6.8988000e+01 , 5.7300000e-01 , 4.0247750e-01 , 
 6.9561000e+01 , 5.7400000e-01 , 3.9899500e-01 , 
 7.0135000e+01 , 5.7800000e-01 , 4.0658188e-01 , 
 7.0713000e+01 , 5.7300000e-01 , 4.0086062e-01 , 
 7.1286000e+01 , 5.6800000e-01 , 3.9874625e-01 , 
 7.1854000e+01 , 5.7300000e-01 , 4.0073625e-01 , 
 7.2427000e+01 , 5.8900000e-01 , 4.0459187e-01 , 
 7.3016000e+01 , 5.8200000e-01 , 4.0583563e-01 , 
 7.3598000e+01 , 5.8900000e-01 , 3.9849750e-01 , 
 7.4187000e+01 , 5.8700000e-01 , 3.9725375e-01 , 
 7.4774000e+01 , 5.8900000e-01 , 3.9712937e-01 , 
 7.5363000e+01 , 5.9500000e-01 , 4.0508938e-01 , 
 7.5958000e+01 , 5.9300000e-01 , 3.9874625e-01 , 
 7.6551000e+01 , 5.9400000e-01 , 3.9862188e-01 , 
 7.7145000e+01 , 5.9900000e-01 , 4.0670625e-01 , 
 7.7744000e+01 , 6.0049875e-01 , 4.0794896e-01 , 
 7.8344000e+01 , 6.0200000e-01 , 4.0919375e-01 , 
 7.8946000e+01 , 6.0500000e-01 , 4.0023875e-01 , 
 7.9551000e+01 , 6.0000000e-01 , 4.0086063e-01 , 
 8.0151000e+01 , 6.0645161e-01 , 4.0419375e-01 , 
 8.0760000e+01 , 6.1300000e-01 , 4.0757687e-01 , 
 8.1373000e+01 , 6.1100000e-01 , 3.9887063e-01 , 
 8.1984000e+01 , 6.1059723e-01 , 4.0099963e-01 , 
 8.2586000e+01 , 6.1020040e-01 , 4.0309728e-01 , 
 8.3183000e+01 , 6.0980686e-01 , 4.0517751e-01 , 
 8.3786000e+01 , 6.0940936e-01 , 4.0727865e-01 , 
 8.4407000e+01 , 6.0900000e-01 , 4.0944250e-01 , 
 8.5016000e+01 , 6.0348188e-01 , 4.0413915e-01 , 
 8.5621000e+01 , 5.9800000e-01 , 3.9887063e-01 , 
 8.6219000e+01 , 5.9825063e-01 , 3.9888102e-01 , 
 8.6815000e+01 , 5.9850042e-01 , 3.9889137e-01 , 
 8.7406000e+01 , 5.9874811e-01 , 3.9890164e-01 , 
 8.8003000e+01 , 5.9899832e-01 , 3.9891201e-01 , 
 8.8599000e+01 , 5.9924811e-01 , 3.9892237e-01 , 
 8.9199000e+01 , 5.9949958e-01 , 3.9893280e-01 , 
 8.9794000e+01 , 5.9974895e-01 , 3.9894313e-01 , 
 9.0395000e+01 , 6.0000084e-01 , 3.9895358e-01 , 
 9.0996000e+01 , 6.0025272e-01 , 3.9896402e-01 , 
 9.1585000e+01 , 6.0049958e-01 , 3.9897425e-01 , 
 9.2180000e+01 , 6.0074895e-01 , 3.9898459e-01 , 
 9.2779000e+01 , 6.0100000e-01 , 3.9899500e-01 , 
 9.3380000e+01 , 6.0100000e-01 , 3.9047370e-01 , 
 9.3972000e+01 , 6.0100000e-01 , 3.8208000e-01 , 
 9.4573000e+01 , 5.9400000e-01 , 3.9576125e-01 , 
 9.5167000e+01 , 5.9131980e-01 , 3.9680297e-01 , 
 9.5759000e+01 , 5.8864862e-01 , 3.9784118e-01 , 
 9.6346000e+01 , 5.8600000e-01 , 3.9887063e-01 , 
 9.6932000e+01 , 5.8700000e-01 , 3.9887063e-01 , 
 9.7519000e+01 , 5.8000000e-01 , 3.8717937e-01 , 
 9.8099000e+01 , 5.8600000e-01 , 3.8382125e-01 , 
 9.8685000e+01 , 5.8566967e-01 , 3.8620415e-01 , 
 9.9279000e+01 , 5.8533484e-01 , 3.8861957e-01 , 
 9.9873000e+01 , 5.8500000e-01 , 3.9103500e-01 , 
 1.0045800e+02 , 5.9537584e-01 , 3.9650424e-01 , 
 1.0105700e+02 , 6.0600000e-01 , 4.0210438e-01 , 
 1.0166300e+02 , 6.0400000e-01 , 4.0235313e-01 , 
 1.0226700e+02 , 6.0333001e-01 , 4.0189481e-01 , 
 1.0286400e+02 , 6.0266778e-01 , 4.0144180e-01 , 
 1.0346600e+02 , 6.0200000e-01 , 4.0098500e-01 , 
 1.0406800e+02 , 6.0500000e-01 , 4.0496500e-01 , 
 1.0467300e+02 , 6.0000000e-01 , 3.9725375e-01 , 
 1.0527300e+02 , 6.0200000e-01 , 3.9464187e-01 , 
 1.0587500e+02 , 6.0800000e-01 , 3.9874625e-01 , 
 1.0648300e+02 , 6.0700000e-01 , 3.9737813e-01 , 
 1.0709000e+02 , 6.0000000e-01 , 3.9887063e-01 , 
 1.0769000e+02 , 6.0900000e-01 , 3.9874625e-01 , 
 1.0829900e+02 , 6.0900000e-01 , 3.8481625e-01 , 
 1.0890800e+02 , 6.0500000e-01 , 4.1143250e-01 , 
 1.0951300e+02 , 6.0449834e-01 , 4.0026402e-01 , 
 1.1011400e+02 , 6.0400000e-01 , 3.8916937e-01 , 
 1.1071800e+02 , 6.0150207e-01 , 3.9407812e-01 , 
 1.1132300e+02 , 5.9900000e-01 , 3.9899500e-01 , 
 1.1192200e+02 , 5.9400000e-01 , 3.9339813e-01 , 
 1.1251600e+02 , 5.9374916e-01 , 3.9293014e-01 , 
 1.1311300e+02 , 5.9349704e-01 , 3.9245980e-01 , 
 1.1370200e+02 , 5.9324831e-01 , 3.9199575e-01 , 
 1.1429000e+02 , 5.9300000e-01 , 3.9153250e-01 , 
 1.1488300e+02 , 5.9474926e-01 , 3.9796619e-01 , 
 1.1548000e+02 , 5.9651032e-01 , 4.0444329e-01 , 
 1.1607200e+02 , 5.9825664e-01 , 4.1086613e-01 , 
 1.1666300e+02 , 6.0000000e-01 , 4.1727812e-01 , 
 1.1726300e+02 , 6.0100000e-01 , 4.0260188e-01 , 
 1.1786400e+02 , 5.9831846e-01 , 4.0310215e-01 , 
 1.1846600e+02 , 5.9563246e-01 , 4.0360326e-01 , 
 1.1905600e+02 , 5.9300000e-01 , 4.0409438e-01 , 
 1.1964900e+02 , 5.9165761e-01 , 4.0238304e-01 , 
 1.2023900e+02 , 5.9032201e-01 , 4.0068036e-01 , 
 1.2082300e+02 , 5.8900000e-01 , 3.9899500e-01 , 
 1.2141200e+02 , 5.9700000e-01 , 3.9377125e-01 , 
 1.2200900e+02 , 5.9350585e-01 , 4.0053835e-01 , 
 1.2260800e+02 , 5.9000000e-01 , 4.0732812e-01 , 
 1.2319800e+02 , 5.9079973e-01 , 4.0655726e-01 , 
 1.2379500e+02 , 5.9160895e-01 , 4.0577725e-01 , 
 1.2497000e+02 , 5.9320163e-01 , 4.0424206e-01 , 
 1.2555900e+02 , 5.9400000e-01 , 4.0347250e-01 , 
 1.2615300e+02 , 5.9400000e-01 , 4.0390708e-01 , 
 1.2674900e+02 , 5.9400000e-01 , 4.0434312e-01 , 
 1.2734300e+02 , 5.9600000e-01 , 3.9464187e-01 , 
 1.2793900e+02 , 5.9848956e-01 , 3.9098814e-01 , 
 1.2854000e+02 , 6.0100000e-01 , 3.8730375e-01 , 
 1.2914100e+02 , 5.9300000e-01 , 4.0210438e-01 , 
 1.2973400e+02 , 5.9366036e-01 , 3.9590342e-01 , 
 1.3033900e+02 , 5.9433408e-01 , 3.8957699e-01 , 
 1.3093700e+02 , 5.9500000e-01 , 3.8332375e-01 , 
 1.3153200e+02 , 5.9100000e-01 , 4.2387000e-01 , 
 1.3212300e+02 , 6.0100000e-01 , 4.0098500e-01 , 
 1.3272400e+02 , 5.9700000e-01 , 3.9961688e-01 , 
 1.3332100e+02 , 5.9900000e-01 , 4.0110938e-01 , 
 1.3392000e+02 , 5.9500000e-01 , 3.9314938e-01 , 
 1.3451500e+02 , 5.9500000e-01 , 3.9333547e-01 , 
 1.3511300e+02 , 5.9500000e-01 , 3.9352250e-01 , 
 1.3570800e+02 , 5.9500000e-01 , 4.0645750e-01 , 
 1.3630300e+02 , 5.9699497e-01 , 3.9895173e-01 , 
 1.3690100e+02 , 5.9900000e-01 , 3.9140812e-01 , 
 1.3750000e+02 , 6.0000000e-01 , 3.9712937e-01 , 
 1.3810000e+02 , 5.9700000e-01 , 4.0372125e-01 , 
 1.3869700e+02 , 6.0600000e-01 , 4.0969125e-01 , 
 1.3930300e+02 , 6.0800000e-01 , 3.9999000e-01 , 
 1.3991100e+02 , 6.0565510e-01 , 3.9899007e-01 , 
 1.4051400e+02 , 6.0332948e-01 , 3.9799836e-01 , 
 1.4111800e+02 , 6.0100000e-01 , 3.9700500e-01 , 
 1.4171900e+02 , 6.0600000e-01 , 4.0309937e-01 , 
 1.4232500e+02 , 5.9300000e-01 , 4.0446750e-01 , 
 1.4291800e+02 , 5.9448622e-01 , 3.9910691e-01 , 
 1.4352200e+02 , 5.9600000e-01 , 3.9364687e-01 , 
 1.4411800e+02 , 5.9700000e-01 , 4.0110937e-01 , 
 1.4471500e+02 , 5.8800000e-01 , 4.0583563e-01 , 
 1.4530300e+02 , 5.8632335e-01 , 4.0602330e-01 , 
 1.4647400e+02 , 5.8298432e-01 , 4.0639707e-01 , 
 1.4705900e+02 , 5.8131622e-01 , 4.0658379e-01 , 
 1.4763700e+02 , 5.7966809e-01 , 4.0676828e-01 , 
 1.4822200e+02 , 5.7800000e-01 , 4.0695500e-01 , 
 1.4880000e+02 , 5.8100000e-01 , 4.0160688e-01 , 
 1.4938100e+02 , 5.7000000e-01 , 3.9712938e-01 , 
 1.4995100e+02 , 5.7700000e-01 , 4.0844750e-01 , 
 1.5052800e+02 , 5.7700000e-01 , 3.9352250e-01 , 
 1.5110500e+02 , 5.7247648e-01 , 3.9083446e-01 , 
 1.5167600e+02 , 5.6800000e-01 , 3.8817437e-01 , 
 1.5224400e+02 , 5.7700000e-01 , 4.0446750e-01 , 
 1.5282100e+02 , 5.7600000e-01 , 4.0508938e-01 , 
 1.5339700e+02 , 5.7400000e-01 , 3.9899500e-01 , 
 1.5397100e+02 , 5.7698699e-01 , 4.0506295e-01 , 
 1.5455000e+02 , 5.8000000e-01 , 4.1118375e-01 , 
 1.5513000e+02 , 5.8600000e-01 , 4.0782562e-01 , 
 1.5571600e+02 , 5.8256060e-01 , 4.0832277e-01 , 
 1.5629800e+02 , 5.7914467e-01 , 4.0881652e-01 , 
 1.5688200e+02 , 5.7571701e-01 , 4.0931197e-01 , 
 1.5746400e+02 , 5.7230108e-01 , 4.0980572e-01 , 
 1.5811500e+02 , 5.6848017e-01 , 4.1035801e-01 , 
 1.5919200e+02 , 5.6215895e-01 , 4.1127170e-01 , 
 1.5975900e+02 , 5.5883106e-01 , 4.1175273e-01 , 
 1.6087300e+02 , 5.5229267e-01 , 4.1269781e-01 , 
 1.6143400e+02 , 5.4900000e-01 , 4.1317375e-01 , 
 1.6198300e+02 , 5.4520856e-01 , 4.0748359e-01 , 
 1.6306400e+02 , 5.3774309e-01 , 3.9627948e-01 , 
 1.6360600e+02 , 5.3400000e-01 , 3.9066187e-01 , 
 1.6414000e+02 , 5.3200000e-01 , 3.7536375e-01 , 
 1.6467200e+02 , 6.7100000e-01 , 3.7088625e-01 , 
 1.6534300e+02 , 6.4777649e-01 , 3.7836088e-01 , 
 1.6566000e+02 , 6.3680502e-01 , 3.8189211e-01 , 
 1.6630300e+02 , 6.1455059e-01 , 3.8905483e-01 , 
 1.6684300e+02 , 5.9586103e-01 , 3.9507017e-01 , 
 1.6738400e+02 , 5.7713686e-01 , 4.0109666e-01 , 
 1.6792100e+02 , 5.5855112e-01 , 4.0707859e-01 , 
 1.6845700e+02 , 5.4000000e-01 , 4.1304937e-01 , 
 1.6899700e+02 , 5.2600000e-01 , 4.1292500e-01 , 
 1.6952300e+02 , 5.2700000e-01 , 3.9464187e-01 , 
 1.7005000e+02 , 5.2800000e-01 , 4.0285062e-01 , 
 1.7057800e+02 , 5.2700000e-01 , 3.9999000e-01 , 
 1.7110500e+02 , 5.2632909e-01 , 4.0378672e-01 , 
 1.7162600e+02 , 5.2566582e-01 , 4.0754022e-01 , 
 1.7214900e+02 , 5.2500000e-01 , 4.1130812e-01 , 
 1.7267400e+02 , 5.2500000e-01 , 4.1021673e-01 , 
 1.7319700e+02 , 5.2500000e-01 , 4.0912948e-01 , 
 1.7371700e+02 , 5.2500000e-01 , 4.0804848e-01 , 
 1.7424300e+02 , 5.2500000e-01 , 4.0695500e-01 , 
 1.7476800e+02 , 5.2575143e-01 , 4.0695500e-01 , 
 1.7529100e+02 , 5.2650000e-01 , 4.0695500e-01 , 
 1.7581200e+02 , 5.2724571e-01 , 4.0695500e-01 , 
 1.7633900e+02 , 5.2800000e-01 , 4.0695500e-01 , 
 1.7686700e+02 , 5.2900000e-01 , 4.0608438e-01 , 
 1.7739600e+02 , 5.3100000e-01 , 4.0110937e-01 , 
 1.7792700e+02 , 5.3300000e-01 , 4.1777563e-01 , 
 1.7846000e+02 , 5.3000000e-01 , 3.7909500e-01 , 
 1.7899000e+02 , 5.2900000e-01 , 4.1466625e-01 , 
 1.7951900e+02 , 5.3000000e-01 , 4.0645750e-01 , 
 1.8004900e+02 , 5.2800000e-01 , 4.2362125e-01 , 
 1.8057700e+02 , 5.2800000e-01 , 4.1850946e-01 , 
 1.8111000e+02 , 5.2800000e-01 , 4.1334926e-01 , 
 1.8164200e+02 , 5.2800000e-01 , 4.0819875e-01 , 
 1.8217000e+02 , 5.2899576e-01 , 4.0680547e-01 , 
 1.8270200e+02 , 5.2999906e-01 , 4.0540163e-01 , 
 1.8323300e+02 , 5.3100047e-01 , 4.0400043e-01 , 
 1.8376300e+02 , 5.3200000e-01 , 4.0260188e-01 , 
 1.8429500e+02 , 5.3100000e-01 , 3.9887062e-01 , 
 1.8482600e+02 , 5.2800000e-01 , 4.0198000e-01 , 
 1.8535400e+02 , 5.3100000e-01 , 3.9601000e-01 , 
 1.8588500e+02 , 5.3000000e-01 , 3.9601000e-01 , 
 1.8641500e+02 , 5.2600000e-01 , 4.0384562e-01 , 
 1.8694100e+02 , 5.2900000e-01 , 3.9874625e-01 , 
 1.8747000e+02 , 5.3000000e-01 , 3.9737813e-01 , 
 1.8800000e+02 , 5.3200000e-01 , 3.8630875e-01 , 
 1.8853200e+02 , 5.2700000e-01 , 3.9140812e-01 , 
 1.8905900e+02 , 5.2900000e-01 , 4.0309937e-01 , 
 1.8958800e+02 , 5.2800000e-01 , 4.0446750e-01 , 
 1.9011600e+02 , 5.2600000e-01 , 3.9501500e-01 , 
 1.9064200e+02 , 5.2574917e-01 , 3.9557656e-01 , 
 1.9116600e+02 , 5.2549928e-01 , 3.9613598e-01 , 
 1.9169000e+02 , 5.2524940e-01 , 3.9669540e-01 , 
 1.9221300e+02 , 5.2500000e-01 , 3.9725375e-01 , 
 1.9273800e+02 , 5.2533376e-01 , 3.9775188e-01 , 
 1.9326200e+02 , 5.2566688e-01 , 3.9824907e-01 , 
 1.9378600e+02 , 5.2600000e-01 , 3.9874625e-01 , 
 1.9431200e+02 , 5.2800000e-01 , 4.0471625e-01 , 
 1.9484000e+02 , 5.2800000e-01 , 3.9887063e-01 , 
 1.9536800e+02 , 5.2700000e-01 , 3.6616000e-01 , 
 1.9589500e+02 , 5.3100000e-01 , 3.9700500e-01 , 
 1.9642600e+02 , 5.2900000e-01 , 4.0508938e-01 , 
 1.9695500e+02 , 5.3000000e-01 , 4.0198000e-01 , 
 1.9748500e+02 , 5.2700000e-01 , 3.9489063e-01 , 
 1.9801200e+02 , 5.2700000e-01 , 3.9115938e-01 , 
 1.9853900e+02 , 5.3000000e-01 , 4.0297500e-01 , 
 1.9906900e+02 , 5.2700000e-01 , 4.0459188e-01 , 
 1.9959600e+02 , 5.2500000e-01 , 3.9265188e-01 , 
 2.0012100e+02 , 5.2500000e-01 , 3.8975048e-01 , 
 2.0064300e+02 , 5.2500000e-01 , 3.8686567e-01 , 
 2.0116600e+02 , 5.2500000e-01 , 3.8397534e-01 , 
 2.0168900e+02 , 5.2500000e-01 , 3.8108500e-01 , 
 2.0221400e+02 , 5.2500000e-01 , 3.8156690e-01 , 
 2.0273300e+02 , 5.2500000e-01 , 3.8204328e-01 , 
 2.0325600e+02 , 5.2500000e-01 , 3.8252334e-01 , 
 2.0377900e+02 , 5.2500000e-01 , 3.8300340e-01 , 
 2.0430100e+02 , 5.2500000e-01 , 3.8348255e-01 , 
 2.0481900e+02 , 5.2500000e-01 , 3.8395802e-01 , 
 2.0533800e+02 , 5.2500000e-01 , 3.8443440e-01 , 
 2.0585600e+02 , 5.2500000e-01 , 3.8490988e-01 , 
 2.0637500e+02 , 5.2500000e-01 , 3.8538626e-01 , 
 2.0689200e+02 , 5.2500000e-01 , 3.8586082e-01 , 
 2.0740900e+02 , 5.2500000e-01 , 3.8633537e-01 , 
 2.0792800e+02 , 5.2500000e-01 , 3.8681176e-01 , 
 2.0844700e+02 , 5.2500000e-01 , 3.8728815e-01 , 
 2.0896200e+02 , 5.2500000e-01 , 3.8776086e-01 , 
 2.0947800e+02 , 5.2500000e-01 , 3.8823450e-01 , 
 2.0999500e+02 , 5.2500000e-01 , 3.8870905e-01 , 
 2.1051500e+02 , 5.2500000e-01 , 3.8918636e-01 , 
 2.1103400e+02 , 5.2500000e-01 , 3.8966274e-01 , 
 2.1155100e+02 , 5.2500000e-01 , 3.9013730e-01 , 
 2.1207300e+02 , 5.2500000e-01 , 3.9061644e-01 , 
 2.1259100e+02 , 5.2500000e-01 , 3.9109191e-01 , 
 2.1311000e+02 , 5.2500000e-01 , 3.9156830e-01 , 
 2.1363400e+02 , 5.2500000e-01 , 3.9204928e-01 , 
 2.1415500e+02 , 5.2500000e-01 , 3.9252750e-01 , 
 2.1468000e+02 , 5.2800000e-01 , 4.0235312e-01 , 
 2.1520800e+02 , 5.2700000e-01 , 3.9028875e-01 , 
 2.1573500e+02 , 5.2900000e-01 , 3.8618437e-01 , 
 2.1626400e+02 , 5.2600000e-01 , 3.8556250e-01 , 
 2.1679000e+02 , 5.3100000e-01 , 4.0596000e-01 , 
 2.1732100e+02 , 5.2600000e-01 , 3.8730375e-01 , 
 2.1784700e+02 , 5.2587440e-01 , 3.8814729e-01 , 
 2.1837100e+02 , 5.2574928e-01 , 3.8898762e-01 , 
 2.1889900e+02 , 5.2562321e-01 , 3.8983437e-01 , 
 2.1941900e+02 , 5.2549904e-01 , 3.9066829e-01 , 
 2.1994200e+02 , 5.2537416e-01 , 3.9150702e-01 , 
 2.2046600e+02 , 5.2524904e-01 , 3.9234735e-01 , 
 2.2098900e+02 , 5.2512416e-01 , 3.9318608e-01 , 
 2.2150900e+02 , 5.2500000e-01 , 3.9402000e-01 , 
 2.2203400e+02 , 5.2500000e-01 , 3.8208000e-01 , 
 2.2255900e+02 , 5.2540251e-01 , 3.8287600e-01 , 
 2.2360400e+02 , 5.2620371e-01 , 3.8446041e-01 , 
 2.2412500e+02 , 5.2660316e-01 , 3.8525035e-01 , 
 2.2464500e+02 , 5.2700184e-01 , 3.8603876e-01 , 
 2.2516700e+02 , 5.2740205e-01 , 3.8683021e-01 , 
 2.2568900e+02 , 5.2780227e-01 , 3.8762166e-01 , 
 2.2621000e+02 , 5.2820172e-01 , 3.8841160e-01 , 
 2.2672900e+02 , 5.2859963e-01 , 3.8919850e-01 , 
 2.2725100e+02 , 5.2899985e-01 , 3.8998995e-01 , 
 2.2777000e+02 , 5.2939776e-01 , 3.9077685e-01 , 
 2.2828700e+02 , 5.2979414e-01 , 3.9156072e-01 , 
 2.2880700e+02 , 5.3019282e-01 , 3.9234913e-01 , 
 2.2932700e+02 , 5.3059151e-01 , 3.9313755e-01 , 
 2.2984800e+02 , 5.3099095e-01 , 3.9392748e-01 , 
 2.3037000e+02 , 5.3139117e-01 , 3.9471893e-01 , 
 2.3089400e+02 , 5.3179292e-01 , 3.9551342e-01 , 
 2.3141900e+02 , 5.3219543e-01 , 3.9630941e-01 , 
 2.3246600e+02 , 5.3299816e-01 , 3.9789686e-01 , 
 2.3298300e+02 , 5.3339454e-01 , 3.9868073e-01 , 
 2.3350500e+02 , 5.3379476e-01 , 3.9947218e-01 , 
 2.3402900e+02 , 5.3419650e-01 , 4.0026666e-01 , 
 2.3455300e+02 , 5.3459825e-01 , 4.0106114e-01 , 
 2.3507700e+02 , 5.3500000e-01 , 4.0185562e-01 , 
 2.3561200e+02 , 5.3449836e-01 , 3.9702028e-01 , 
 2.3614600e+02 , 5.3399766e-01 , 3.9219397e-01 , 
 2.3667900e+02 , 5.3349789e-01 , 3.8737670e-01 , 
 2.3721000e+02 , 5.3300000e-01 , 3.8257750e-01 , 
 2.3774300e+02 , 5.3439529e-01 , 3.8465997e-01 , 
 2.3827800e+02 , 5.3579581e-01 , 3.8675025e-01 , 
 2.3881000e+02 , 5.3718848e-01 , 3.8882881e-01 , 
 2.3934400e+02 , 5.3858639e-01 , 3.9091518e-01 , 
 2.3988400e+02 , 5.4000000e-01 , 3.9302500e-01 , 
 2.4042400e+02 , 5.3500000e-01 , 3.7337375e-01 , 
 2.4095900e+02 , 5.4400000e-01 , 3.8705500e-01 , 
 2.4150300e+02 , 5.4700000e-01 , 3.9364687e-01 , 
 2.4205000e+02 , 5.4400000e-01 , 3.8568687e-01 , 
 2.4259400e+02 , 5.3800000e-01 , 3.8058750e-01 , 
 2.4313200e+02 , 5.4800000e-01 , 3.9240312e-01 , 
 2.4368000e+02 , 5.5300000e-01 , 3.8680625e-01 , 
 2.4423300e+02 , 5.5300000e-01 , 3.9041312e-01 , 
 2.4478600e+02 , 5.4800000e-01 , 3.9091063e-01 , 
 2.4533400e+02 , 5.5700000e-01 , 3.8270187e-01 , 
 2.4589100e+02 , 5.5800000e-01 , 3.8792563e-01 , 
 2.4644900e+02 , 5.5500000e-01 , 3.9277625e-01 , 
 2.4700400e+02 , 5.4800000e-01 , 3.7163250e-01 , 
 2.4755200e+02 , 5.5400000e-01 , 3.8444312e-01 , 
 2.4810600e+02 , 5.5800000e-01 , 3.9489062e-01 , 
 2.4866400e+02 , 5.5200000e-01 , 3.9489062e-01 , 
 2.4921600e+02 , 5.5100000e-01 , 3.8941812e-01 , 
 2.4976700e+02 , 5.5200000e-01 , 3.8929375e-01 , 
 2.5031900e+02 , 5.5700000e-01 , 3.8941812e-01 , 
 2.5087600e+02 , 5.5600000e-01 , 3.8904500e-01 , 
 2.5143200e+02 , 5.5100000e-01 , 3.8518938e-01 , 
 2.5198300e+02 , 5.4700000e-01 , 3.8431875e-01 , 
 2.5253000e+02 , 5.5600000e-01 , 3.8842313e-01 , 
 2.5308600e+02 , 5.5600000e-01 , 3.9402000e-01 , 
 2.5364200e+02 , 5.5000000e-01 , 3.9041312e-01 , 
 2.5419200e+02 , 5.5000000e-01 , 3.8805000e-01 , 
 2.5474200e+02 , 5.5400000e-01 , 3.9364688e-01 , 
 2.5529600e+02 , 5.5700000e-01 , 3.9601000e-01 , 
 2.5585300e+02 , 5.5400000e-01 , 3.9389562e-01 , 
 2.5640700e+02 , 5.5000000e-01 , 3.8780125e-01 , 
 2.5695700e+02 , 5.5600000e-01 , 3.8543812e-01 , 
 2.5751300e+02 , 5.5600000e-01 , 3.8606000e-01 , 
 2.5806900e+02 , 5.5700000e-01 , 3.9203000e-01 , 
 2.5862600e+02 , 5.5800000e-01 , 3.9588563e-01 , 
 2.5918400e+02 , 5.5600000e-01 , 3.8805000e-01 , 
 2.5974000e+02 , 5.5700000e-01 , 3.8382125e-01 , 
 2.6029700e+02 , 5.6100000e-01 , 4.0110938e-01 , 
 2.6085800e+02 , 5.5500000e-01 , 3.8357250e-01 , 
 2.6141300e+02 , 5.5500000e-01 , 3.8145812e-01 , 
 2.6196800e+02 , 5.6800000e-01 , 3.8842312e-01 , 
 2.6253600e+02 , 5.6800000e-01 , 3.9128375e-01 , 
 2.6310400e+02 , 5.6900000e-01 , 3.9712937e-01 , 
 2.6367300e+02 , 5.6400000e-01 , 3.8655750e-01 , 
 2.6423700e+02 , 5.7200000e-01 , 3.8083625e-01 , 
 2.6480900e+02 , 5.7600000e-01 , 3.9103500e-01 , 
 2.6538500e+02 , 5.6900000e-01 , 3.9290063e-01 , 
 2.6595400e+02 , 5.6900000e-01 , 3.8817438e-01 , 
 2.6652300e+02 , 5.7600000e-01 , 3.8767687e-01 , 
 2.6709900e+02 , 5.7300000e-01 , 3.9140812e-01 , 
 2.6767200e+02 , 5.6900000e-01 , 3.8879625e-01 , 
 2.6824100e+02 , 5.7000000e-01 , 3.8270187e-01 , 
 2.6881100e+02 , 5.7500000e-01 , 3.8643313e-01 , 
 2.6938600e+02 , 5.7200000e-01 , 3.8817437e-01 , 
 2.6995800e+02 , 5.6800000e-01 , 3.9140812e-01 , 
 2.7052600e+02 , 5.6700000e-01 , 3.8506500e-01 , 
 2.7109300e+02 , 5.7700000e-01 , 3.8792562e-01 , 
 2.7167000e+02 , 5.7500000e-01 , 3.9414437e-01 , 
 2.7224500e+02 , 5.7500000e-01 , 3.9140813e-01 , 
 2.7282000e+02 , 5.7400000e-01 , 3.9489062e-01 , 
 2.7339400e+02 , 5.8400000e-01 , 3.9078625e-01 , 
 2.7397800e+02 , 5.7600000e-01 , 3.9302500e-01 , 
 2.7455400e+02 , 5.7200000e-01 , 3.9476625e-01 , 
 2.7512600e+02 , 5.7200000e-01 , 3.8954250e-01 , 
 2.7569800e+02 , 5.8300000e-01 , 3.9053750e-01 , 
 2.7628100e+02 , 5.8100000e-01 , 3.9725375e-01 , 
 2.7686200e+02 , 5.7900000e-01 , 3.9476625e-01 , 
 2.7744100e+02 , 5.7900000e-01 , 3.9041312e-01 , 
 2.7802000e+02 , 5.8600000e-01 , 3.8867187e-01 , 
 2.7860600e+02 , 5.8200000e-01 , 3.9352250e-01 , 
 2.7918800e+02 , 5.8100000e-01 , 3.9700500e-01 , 
 2.7976900e+02 , 5.7600000e-01 , 3.8941812e-01 , 
 2.8034500e+02 , 5.8800000e-01 , 3.9377125e-01 , 
 2.8093300e+02 , 5.8500000e-01 , 3.9352250e-01 , 
 2.8151800e+02 , 5.8200000e-01 , 3.9999000e-01 , 
 2.8210000e+02 , 5.7400000e-01 , 3.9352250e-01 , 
 2.8267400e+02 , 5.8200000e-01 , 3.8668187e-01 , 
 2.8325600e+02 , 5.7800000e-01 , 3.9377125e-01 , 
 2.8383400e+02 , 5.7700000e-01 , 3.9999000e-01 , 
 2.8441100e+02 , 5.7498955e-01 , 3.9808337e-01 , 
 2.8555000e+02 , 5.7102091e-01 , 3.9431967e-01 , 
 2.8613000e+02 , 5.6900000e-01 , 3.9240312e-01 , 
 2.8669900e+02 , 5.6400000e-01 , 3.9712938e-01 , 
 2.8726300e+02 , 5.7000000e-01 , 3.9041312e-01 , 
 2.8783300e+02 , 5.7800000e-01 , 3.8842313e-01 , 
 2.8841100e+02 , 5.7400000e-01 , 3.9165688e-01 , 
 2.8898500e+02 , 5.7200000e-01 , 3.9725375e-01 , 
 2.8955700e+02 , 5.7100000e-01 , 3.8195562e-01 , 
 2.9012800e+02 , 5.8300000e-01 , 3.9265188e-01 , 
 2.9071100e+02 , 5.8200000e-01 , 3.9302500e-01 , 
 2.9129300e+02 , 5.7900000e-01 , 3.9700500e-01 , 
 2.9187200e+02 , 5.7500000e-01 , 3.9153250e-01 , 
 2.9244700e+02 , 5.9200000e-01 , 3.9476625e-01 , 
 2.9303900e+02 , 5.9000000e-01 , 3.9700500e-01 , 
 2.9362900e+02 , 5.9000000e-01 , 4.0110938e-01 , 
 2.9421900e+02 , 5.8300000e-01 , 3.8904500e-01 , 
 2.9480200e+02 , 5.9200000e-01 , 3.9203000e-01 , 
 2.9539400e+02 , 5.8600000e-01 , 3.9302500e-01 , 
 2.9598000e+02 , 5.8200000e-01 , 3.9215437e-01 , 
 2.9656200e+02 , 5.8000000e-01 , 3.9028875e-01 , 
 2.9714200e+02 , 5.9600000e-01 , 3.9252750e-01 , 
 2.9773800e+02 , 5.9000000e-01 , 3.9476625e-01 , 
 2.9832800e+02 , 5.9000000e-01 , 4.0397000e-01 , 
 2.9891800e+02 , 5.8200000e-01 , 3.9314938e-01 , 
 2.9950000e+02 , 5.9200000e-01 , 3.9451750e-01 , 
